173
221
503
727
898
953
998
1038
1099
1149
1822
1965
1976
2002
2030
2085
2132
2326
2333
2464
2475
2602
2660
2769
2824
2832
2963
2967
2975
3117
3251
3267
3337
3348
3453
3663
3689
3745
4002
4027
4113
4308
4328
4333
4374
4445
4642
4914
5452
5552
5578
5690
5711
5755
5774
5834
5836
6149
6262
6549
6567
6661
6702
6831
7019
7182
7645
7806
7854
7909
8065
8116
8362
8433
8576
8594
8824
8875
8930
9021
9032
9085
9295
9311
9326
9340
9455
9518
9539
9568
9586
9667
10041
10367
10407
10446
10583
10843
10889
10955
11017
11136
11290
11464
11484
11515
11616
11617
11746
11774
11825
11844
11952
12113
12269
12543
12583
12704
12893
13018
13090
13127
13192
13260
13263
13278
13318
13562
13662
13840
13906
13948
13964
14097
14192
14306
14358
14371
14399
14408
14593
14692
15019
15032
15156
15228
15461
15502
15706
15755
15853
15912
15954
16219
16526
16590
16632
16637
16847
16901
16905
16975
17091
17145
17255
17465
17471
17500
17602
17642
17675
17982
18128
18159
18337
18441
18596
18688
18723
18889
18919
19063
19161
19179
19205
19231
19293
19477
20208
20257
20303
20312
20421
20579
20633
20678
20681
20731
20755
21135
21347
21461
21752
21838
21961
22131
22136
22169
22176
22180
22231
22415
22449
22728
22810
22908
22963
22989
23051
23058
23116
23238
23245
23261
23265
23315
23367
23392
23617
23657
23830
23831
24324
24400
24679
24968
25037
25061
25126
25129
25181
25216
25229
25326
25340
25432
25562
25569
25721
26007
26137
26234
26406
26579
26658
26690
26768
26808
26848
27131
27155
27275
27330
27346
27478
27487
27637
27667
27869
27976
27987
28122
28164
28222
28294
28373
28389
28434
28666
28752
28769
28931
28935
28983
29247
29441
29491
29586
29678
29742
29760
30067
30143
30167
30392
30425
30750
30937
31114
31119
31264
31295
31426
31578
31590
31666
31833
31866
32101
32132
32214
32246
32325
32358
32363
32510
32567
32624
32673
32873
32900
33070
33275
33327
33464
33976
34042
34050
34112
34330
34342
34350
34365
34403
34455
34555
34753
34759
34806
34903
35023
35172
35282
35302
35349
35369
35476
35483
35668
35689
35715
35833
35987
36078
36163
36244
36278
36397
36440
36472
36761
36766
36823
36851
36898
36924
37103
37128
37284
37452
37566
38032
38116
38258
38281
38311
38426
38440
38445
38482
38682
39138
39146
39202
39254
39549
39630
39710
40050
40068
40118
40147
40273
40408
40440
40666
40734
40832
40834
40945
40967
41053
41106
41116
41129
41259
41302
41385
41409
41454
41522
41765
41862
41919
41949
41976
41982
42082
42195
42221
42446
42509
42953
43026
43131
43140
43201
43697
43899
44036
44217
44487
44549
44661
44695
44767
44874
44943
45027
45114
45249
45369
45607
45669
45733
45765
45776
45914
45991
46001
46054
46123
46254
46278
46309
46340
46504
46548
46662
46665
46754
46800
46878
47031
47035
47090
47293
47363
47386
47457
47458
47523
47575
47780
47808
47832
47886
47990
47998
48227
48295
48318
48323
48556
48599
48673
48842
48868
48961
48974
49006
49026
49045
49204
49245
49250
49285
49285
49347
49449
49481
49524
49591
49631
49697
49753
49755
49903
50078
50140
50305
50322
50465
50674
50712
50857
50872
50884
50894
50922
51184
51284
51445
51463
51514
51539
51602
51616
51657
51703
51709
51767
51772
51990
52037
52081
52267
52543
52626
52772
53065
53115
53204
53320
53428
53479
53488
53750
53885
53940
53992
54004
54021
54095
54236
54243
54303
54311
54428
54448
54528
54532
54542
54587
54622
54754
54802
54856
54896
54989
55094
55198
55448
55666
55730
55998
56082
56138
56146
56242
56389
56608
56704
56799
56976
57220
57285
57294
57319
57422
57532
57536
57563
57676
57812
57846
57897
57998
58412
58523
58527
58677
58743
58776
58841
59014
59330
59349
59757
60177
60313
60441
60455
60508
60592
60599
60762
61033
61038
61067
61177
61194
61197
61402
61425
61452
61514
61643
61844
61864
61905
61985
62100
62115
62170
62206
62256
62394
62423
62513
62569
62657
62793
62820
62822
62938
62951
63002
63490
63688
63818
63890
63945
63978
64022
64035
64310
64331
64417
64434
64441
64482
64709
64764
64855
65130
65139
65210
65328
65460
65506
65557
65657
65703
65747
65784
65862
65998
66128
66244
66265
66633
66639
66827
66885
66929
67055
67196
67208
67248
67269
67410
67679
67704
67705
67707
67776
67794
67890
67970
68086
68360
68424
68651
68738
68980
69508
69522
69551
69708
69744
69767
69815
69841
70061
70067
70282
70335
70340
70540
70803
70850
71054
71324
71422
71503
71612
71721
71880
71961
72102
72167
72207
72389
72394
72618
72699
72832
72942
72966
73044
73160
73291
73437
73526
73680
73997
74165
74223
74280
74299
74375
74521
74554
74574
74723
74749
74807
74828
74967
75006
75050
75063
75114
75311
75330
75356
75369
75479
75670
75789
75822
75936
75982
75984
75993
76009
76264
76506
76644
76765
76809
76836
77141
77171
77238
77302
77306
77518
77519
77694
77986
78055
78062
78182
78292
78569
78712
78728
78788
78913
79062
79076
79111
79192
79198
79283
79295
79327
79346
79994
80175
80230
80245
80257
80263
80354
80369
80392
80599
80612
80913
80932
81017
81079
81084
81131
81322
81341
81341
81373
81476
81485
81548
81671
81778
81902
82067
82182
82604
82639
82764
82903
82963
83095
83097
83283
83328
83411
83528
83551
83656
83905
83976
84045
84066
84096
84201
84316
84352
84485
84565
84686
85049
85082
85213
85221
85224
85272
85293
85404
85543
85835
85867
85929
85960
86027
86154
86166
86274
86537
86576
86810
86814
86884
86940
87005
87076
87431
87468
87472
87538
87650
87716
87862
87919
88156
88171
88234
88254
88428
88480
89056
89144
89255
89362
89690
89760
89822
89858
89887
90043
90377
90415
90794
90841
91046
91062
91437
91471
91473
91615
91649
91649
91829
91866
92125
92142
92363
92365
92368
92467
92480
92576
92604
92810
92938
92983
93275
93399
93633
93670
93686
93702
93825
94004
94133
94147
94328
94350
94757
94852
95038
95130
95139
95141
95141
95288
95302
95402
95597
95904
96088
96355
96413
96477
96607
96612
96769
96822
96859
97000
97005
97094
97144
97452
97529
97554
97559
97778
97809
98124
98212
98278
98459
98488
98717
98752
98779
98838
98967
99115
99156
99197
99248
99265
99623
99746
99799
99916
