80257
41053
23831
73291
64035
29247
54528
83976
61067
43899
69522
53065
40068
54622
92938
26234
70850
54428
60177
36278
76644
41919
67776
71961
41129
47575
58677
64764
9295
78913
75369
1149
90043
38258
58841
86027
15461
49045
44767
54303
36766
11774
10041
51709
40147
99156
52543
83528
47090
91473
44943
60455
23238
47808
89362
54448
57422
6567
13906
14306
88254
9568
94328
80612
49481
47998
54532
82764
77302
35668
98124
97005
72942
25229
49903
93670
41982
96413
40967
4328
38311
61864
54004
95038
25037
55730
56389
40666
27275
92983
87862
56976
92480
13260
36851
62206
92810
52081
34903
7854
998
14371
22231
39630
46309
60508
89056
23830
10367
53488
77171
1822
53992
57285
34112
15912
75670
21135
48318
83551
89858
32214
57846
83656
79062
70067
17471
58743
17465
50140
29441
29678
85867
898
91649
65998
97778
79283
93702
54095
34753
92604
96088
57998
45369
61514
60599
73044
96769
28294
61197
31426
80230
87472
93633
30425
63002
91649
19477
19063
47458
64417
25562
97000
45607
34403
53428
50674
2085
89690
54989
75993
2002
40273
60441
14358
81322
67705
2326
59330
16975
35715
25721
74967
11464
33327
28666
3663
2464
22908
19231
31264
21752
69551
46054
20312
99799
35349
57676
18441
62423
32363
72699
98278
94147
41454
97559
87650
49245
20678
11616
4445
75936
46548
50305
19179
81778
54236
56242
30143
9032
68651
35483
50922
7645
47363
51514
78182
90415
88428
13127
28769
30067
91471
63945
9518
11136
98717
61194
10583
80932
84201
39202
93686
53320
4002
89144
80369
6661
68086
50712
32132
82963
45249
3689
54311
39146
66639
67794
48599
23315
50465
67707
85293
49006
30750
96859
65703
18596
36397
18337
97554
3453
33275
74165
11825
22810
11746
35282
8116
76009
74723
13662
27487
73437
57294
75330
16632
80354
87919
38440
65328
34759
83328
14097
70282
25569
54542
49285
2832
20579
89760
61033
35369
15032
71422
8875
11952
31114
79327
38682
32246
36244
29491
45114
54754
63818
99265
42221
15228
13840
93275
2132
99248
82903
11844
20303
4113
23058
93825
92467
74521
57319
19161
43201
98967
85929
72966
28935
9326
1965
92576
49285
34806
97452
41765
39710
23265
81902
82182
85835
57812
54021
41106
95130
64709
64310
6702
85221
29742
81373
17255
99746
14593
27987
49204
42446
92142
84316
50322
28122
221
65130
9021
85082
47031
65506
98488
7909
88234
35172
85272
51616
35689
85543
45914
78712
50872
55448
92368
19205
22180
61643
67196
80245
24679
38445
32900
46878
13263
27155
46278
48323
5774
10407
78292
25181
71324
99197
12704
22176
50857
71054
32624
48295
1976
26658
83095
91615
78062
79198
79994
49631
22963
15853
20755
37566
86814
73997
40832
66929
46001
56082
51284
44487
40834
66633
87538
27869
28222
92363
97094
88171
83411
62170
94852
72207
74828
17602
18723
27478
79111
96355
25326
51463
99623
81476
75822
53479
1038
97144
75311
72167
75050
38281
45733
74554
7806
5690
31833
73680
28373
81017
62513
40945
79346
16590
15755
56608
65657
33976
64331
37284
5711
22136
11617
2824
30167
1099
62100
96612
47990
70340
9539
53115
26848
92365
67248
14408
15502
71503
9586
33464
69508
75479
41522
66128
28389
13090
63978
45991
32358
25126
56704
56799
59757
67679
57536
65557
12543
67055
77141
56146
76506
3745
51767
8065
35302
39254
2967
97809
22989
34050
42953
61452
58412
17500
36924
46123
16637
61402
9667
95402
57532
77518
62657
59014
49697
6549
50078
90794
99115
91046
47386
503
16219
27976
34455
54896
32510
78055
6831
81341
8433
68360
23245
13318
57897
62394
95302
31295
51657
87468
26137
94757
51703
3117
8824
31590
71880
66244
2475
49524
56138
98779
14192
61038
15156
91866
28434
67890
64482
86940
41862
34350
62951
58523
81341
89255
58776
86166
5552
36163
12583
43697
16526
18159
81548
52772
36440
79295
16901
44695
37103
88156
48227
49591
44874
40734
2333
85213
82067
39549
31866
49026
47457
53885
9455
26690
83097
2030
76836
17642
22415
60592
25216
44217
65460
98212
23116
54587
81131
51445
953
51772
93399
9085
47832
81079
68738
47886
75356
86537
85404
67410
55666
3251
31666
4642
46504
87076
49753
70061
74807
95597
15019
35987
62115
25129
15706
25340
40050
77306
77694
94350
22169
75789
60762
76264
69708
78728
38116
54802
13018
35833
59349
65862
67970
20257
88480
83905
17145
24968
3348
35476
9340
50884
40408
96477
67704
29760
69841
72102
86810
18688
89887
28752
41976
75006
36472
45765
30392
70540
14399
81485
12893
32325
69815
2963
27667
3267
40118
11484
2769
727
37128
7182
2975
13562
42082
75114
8362
18919
16905
42509
36898
18889
65210
52267
91437
94133
8594
21347
32673
46665
79076
4333
53940
57220
66885
62256
61177
13964
4308
44661
41949
78788
10955
28931
41116
45027
73526
25061
47523
6149
84066
46340
36078
98838
14692
66827
2602
5836
63890
35023
75063
4027
69767
89822
84096
21461
48974
29586
28164
23367
86576
18128
74299
81671
71721
72389
94004
95139
46754
65784
45776
17982
13278
98459
80599
23617
17675
31119
64855
77238
20731
52626
86274
15954
41259
53204
32873
38482
51990
4914
12269
87716
97529
8930
9311
68980
98752
55198
63688
84352
5834
54243
85960
79192
62938
43131
20421
90841
51602
38032
6262
61425
87005
4374
84686
26808
51539
42195
48961
21961
63490
39138
36823
49347
95141
26406
20208
41409
74223
84045
55998
10843
25432
81084
23261
23051
34555
3337
87431
44036
46800
17091
99916
13948
43026
40440
62822
71612
72832
45669
62820
8576
61844
95904
5578
62569
52037
27131
62793
69744
78569
22728
77519
82639
34342
91829
60313
26579
24400
55094
48673
11017
66265
61905
95288
34330
49449
11515
96822
20681
27637
27346
74280
5755
80392
38426
68424
44549
47780
54856
19293
48868
10889
85224
57563
74749
64022
33070
47293
70803
173
26768
84565
67269
10446
82604
74574
32567
80175
74375
80913
49250
49755
84485
65139
64434
96607
41302
12113
51184
86154
5452
67208
76765
34365
53750
95141
11290
22131
23657
7019
26007
2660
23392
92125
24324
47035
83283
34042
20633
80263
22449
86884
32101
70335
31578
36761
76809
46254
27330
75984
77986
37452
16847
73160
58527
46662
21838
30937
72618
91062
50894
85049
61985
72394
75982
13192
43140
65747
64441
90377
28983
48842
41385
48556
